0.000231981277466
0.00113391876221
0.00062894821167
0.00172090530396
0.000608921051025
0.000555038452148
0.000540018081665
0.000117063522339
0.00172090530396
0.00106716156006
0.00070595741272
0.000725984573364
0.00130820274353
0.000414133071899
0.000545978546143
0.000540971755981
0.000493049621582
0.00106406211853
0.000236034393311
0.000667095184326
0.000318765640259
0.000805854797363
0.00111794471741
0.00110483169556
0.000570058822632
0.000310182571411
0.000669002532959
0.000638961791992
0.000236988067627
0.000622987747192
0.000501871109009
0.00042200088501
0.00076699256897
0.000823020935059
0.000205039978027
0.000618934631348
0.000131845474243
0.000627040863037
0.000842094421387
0.00198698043823
0.000749111175537
0.000345945358276
0.000375032424927
0.000545978546143
0.000972986221313
0.000514030456543
0.0011420249939
0.00076699256897
0.000808000564575
0.00101208686829
0.000802993774414
0.000701904296875
0.00135612487793
0.00145792961121
0.000848054885864
0.00134301185608
0.000998020172119
0.000809907913208
0.00043797492981
0.000763893127441
0.000594854354858
0.000362873077393
0.000726938247681
0.000359058380127
0.00164484977722
0.000525951385498
0.00193095207214
0.00110197067261
0.000354051589966
0.000741004943848
0.000656843185425
0.000456094741821
0.000202894210815
0.000513792037964
0.00161218643188
0.000543832778931
0.000664949417114
0.000734090805054
0.000504970550537
0.000905990600586
0.000388145446777
0.000144958496094
0.00080394744873
0.000958919525146
0.00105500221252
0.000519037246704
0.00143694877625
0.000251054763794
0.000793933868408
0.000516891479492
0.000715970993042
0.000349044799805
0.00128388404846
0.000652074813843
0.00122809410095
0.000602006912231
0.000658988952637
0.000345945358276
0.000670909881592
0.00139617919922
0.000332117080688
0.000363826751709
0.000372171401978
0.000345945358276
0.00107407569885
0.000612020492554
0.000769138336182
0.00158405303955
0.000312089920044
0.00072193145752
0.000831127166748
0.000749826431274
0.000663995742798
0.000407934188843
0.000480890274048
0.000330924987793
0.000458002090454
0.000891208648682
0.000317096710205
0.00144815444946
0.000976085662842
0.000437021255493
0.000622987747192
0.00123310089111
0.000826835632324
0.000537157058716
0.000810861587524
0.000375032424927
0.000726938247681
0.000361919403076
0.00175094604492
0.000737905502319
0.0010941028595
0.000288009643555
0.000548124313354
0.000507116317749
0.000308036804199
0.000908851623535
0.00048303604126
0.000414848327637
0.00106000900269
0.000570058822632
0.000315189361572
0.000342130661011
0.000352144241333
0.000530958175659
0.000596046447754
0.000868797302246
0.000526905059814
0.000507116317749
0.000405073165894
0.000858783721924
0.000992774963379
0.000365972518921
0.000334024429321
0.00113701820374
0.000657796859741
0.000339031219482
0.00179409980774
0.000379085540771
0.00108599662781
0.00155901908875
0.00250720977783
0.000927925109863
0.00260710716248
0.000144958496094
0.00107598304749
0.000380039215088
0.000754117965698
0.00119590759277
0.00059700012207
0.00139904022217
0.000265836715698
0.000616073608398
0.000304937362671
0.0021390914917
0.000305891036987
0.000647068023682
0.000198125839233
0.00138401985168
0.00170612335205
0.000870943069458
0.000365018844604
0.000233888626099
0.000324964523315
0.000798940658569
0.000533819198608
0.000329971313477
0.00054407119751
0.00132989883423
0.000755786895752
0.00102591514587
0.00054407119751
0.000415086746216
0.000411987304688
0.000766038894653
0.000196218490601
0.000485897064209
0.000257015228271
0.00198793411255
