0.000166893005371
0.00147294998169
0.000502109527588
0.00142693519592
0.00091290473938
0.00102519989014
0.000844955444336
0.00022292137146
0.00146198272705
0.000807046890259
0.000822782516479
0.000650882720947
0.00146389007568
0.000668048858643
0.000611066818237
0.00091814994812
0.000489950180054
0.000988006591797
0.000550985336304
0.000863075256348
0.000363111495972
0.000956058502197
0.00145101547241
0.00131702423096
0.00105118751526
0.000427007675171
0.00108194351196
0.000771045684814
0.000339031219482
0.000621795654297
0.000558853149414
0.000494956970215
0.00086498260498
0.000962972640991
0.000381946563721
0.000663995742798
0.000328063964844
0.000694990158081
0.00101804733276
0.00330901145935
0.00105810165405
0.000517845153809
0.000432014465332
0.000633001327515
0.00156688690186
0.000601053237915
0.00133490562439
0.000791788101196
0.00134992599487
0.00107502937317
0.00110197067261
0.000767946243286
0.00179505348206
0.00176620483398
0.00148916244507
0.00117111206055
0.00167894363403
0.00119805335999
0.000465869903564
0.00106716156006
0.000917196273804
0.000473976135254
0.000820875167847
0.000500202178955
0.00175309181213
0.000710010528564
0.00145483016968
0.001708984375
0.000456809997559
0.000768184661865
0.000907897949219
0.000710010528564
0.00035285949707
0.000687122344971
0.0012891292572
0.00055193901062
0.000843048095703
0.000776052474976
0.000574111938477
0.000869989395142
0.000524044036865
0.000419855117798
0.00108313560486
0.0010039806366
0.00120401382446
0.00068211555481
0.00156307220459
0.000830173492432
0.000744104385376
0.000425100326538
0.000886917114258
0.000549077987671
0.00172400474548
0.000874042510986
0.00136113166809
0.000627994537354
0.000771045684814
0.000607013702393
0.000936985015869
0.00172090530396
0.000582933425903
0.000603914260864
0.000539064407349
0.000677108764648
0.00107312202454
0.00144696235657
0.00076699256897
0.00192594528198
0.000665903091431
0.00109100341797
0.00096607208252
0.000909090042114
0.000769138336182
0.000475883483887
0.000656127929688
0.000637054443359
0.000552892684937
0.00102019309998
0.00113606452942
0.0018310546875
0.000913858413696
0.00076699256897
0.00087308883667
0.00116491317749
0.000930070877075
0.000669956207275
0.00145506858826
0.000631093978882
0.00133800506592
0.00109601020813
0.00193405151367
0.000658988952637
0.00156497955322
0.00091814994812
0.000894784927368
0.000850915908813
0.00072193145752
0.0014009475708
0.000659942626953
0.000591039657593
0.00217485427856
0.000739812850952
0.000500917434692
0.000409126281738
0.000504970550537
0.000590085983276
0.000900983810425
0.00103807449341
0.000910997390747
0.000807046890259
0.00123405456543
0.00136399269104
0.0013439655304
0.000637054443359
0.000479221343994
0.00190305709839
0.0010199546814
0.000867128372192
0.00156807899475
0.000720024108887
0.00151586532593
0.00180792808533
0.00308299064636
0.00203800201416
0.00322604179382
0.000439882278442
0.000975131988525
0.000759840011597
0.0010290145874
0.00138711929321
0.00197291374207
0.00145196914673
0.00094199180603
0.00118112564087
0.000683069229126
0.0021698474884
0.00088906288147
0.000783920288086
0.000409126281738
0.00183415412903
0.00184297561646
0.00100803375244
0.000549077987671
0.000746011734009
0.000613927841187
0.000980138778687
0.000717878341675
0.000860214233398
0.000630140304565
0.00154399871826
0.000907897949219
0.00144696235657
0.000756978988647
0.000733852386475
0.000698089599609
0.000658988952637
0.00056004524231
0.000703811645508
0.000504016876221
0.00184893608093
