0.000159025192261
0.000802993774414
0.000385999679565
0.000862836837769
0.000777006149292
0.000396966934204
0.00042200088501
0.000113964080811
0.000874996185303
0.000545978546143
0.000616073608398
0.000357866287231
0.00066089630127
0.000384092330933
0.000287055969238
0.000495910644531
0.000267028808594
0.000615835189819
0.000245094299316
0.000577211380005
0.000255107879639
0.000680923461914
0.00082802772522
0.000679016113281
0.000530004501343
0.000264167785645
0.000564813613892
0.000563144683838
0.000169038772583
0.000281095504761
0.000263929367065
0.000226974487305
0.000680923461914
0.000535011291504
0.000175952911377
0.000401973724365
0.000132083892822
0.000335931777954
0.000433921813965
0.00151801109314
0.000733137130737
0.000269889831543
0.000292062759399
0.000308990478516
0.000714063644409
0.000272035598755
0.000732898712158
0.000360012054443
0.000884056091309
0.000497102737427
0.000739097595215
0.000473022460938
0.000975847244263
0.000715970993042
0.000759840011597
0.000662088394165
0.000839948654175
0.000689029693604
0.000305891036987
0.000868082046509
0.000383138656616
0.000196933746338
0.000419855117798
0.00032901763916
0.00112009048462
0.000415802001953
0.00114893913269
0.000759840011597
0.000201940536499
0.000754117965698
0.000484943389893
0.000364065170288
0.000173091888428
0.000488996505737
0.000815868377686
0.000252962112427
0.000533103942871
0.000467777252197
0.000285863876343
0.000478982925415
0.000311136245728
0.000130891799927
0.000524044036865
0.000664949417114
0.000594139099121
0.000472068786621
0.000750064849854
0.000223159790039
0.000337839126587
0.000200033187866
0.000493049621582
0.000287055969238
0.000945091247559
0.000492811203003
0.000627040863037
0.000346899032593
0.00042200088501
0.000303030014038
0.000444889068604
0.000956058502197
0.000216960906982
0.000283002853394
0.000308036804199
0.000281095504761
0.000460863113403
0.000631093978882
0.000475883483887
0.000804901123047
0.000257968902588
0.000767946243286
0.000274896621704
0.000385999679565
0.000309944152832
0.000480890274048
0.00033712387085
0.000261068344116
0.00037693977356
0.000782012939453
0.000403165817261
0.000871896743774
0.000590085983276
0.000369071960449
0.000638008117676
0.000809907913208
0.000560998916626
0.000349044799805
0.000784873962402
0.000366926193237
0.000684022903442
0.000407218933105
0.00078296661377
0.000763893127441
0.000940084457397
0.000407934188843
0.000455141067505
0.000389814376831
0.000279903411865
0.000686883926392
0.000247955322266
0.000221967697144
0.000938892364502
0.000324964523315
0.000282049179077
0.000253200531006
0.000298976898193
0.000592947006226
0.000464916229248
0.000442028045654
0.000674962997437
0.000471830368042
0.000730991363525
0.000720024108887
0.00032114982605
0.000275850296021
0.00029993057251
0.00110220909119
0.00039005279541
0.000355958938599
0.000838994979858
0.000307083129883
0.000797986984253
0.000779151916504
0.00200200080872
0.000615835189819
0.00170993804932
0.00012993812561
0.000594854354858
0.000307083129883
0.000431060791016
0.000835180282593
0.000424146652222
0.00102496147156
0.000244140625
0.000652074813843
0.000293016433716
0.000971078872681
0.000391960144043
0.000418901443481
0.000178098678589
0.000976085662842
0.00104403495789
0.000565052032471
0.000205039978027
0.00018310546875
0.000272989273071
0.000679016113281
0.00025200843811
0.000241041183472
0.000447034835815
0.0014979839325
0.00062084197998
0.000726938247681
0.00025486946106
0.000377893447876
0.000331163406372
0.000708103179932
0.000182867050171
0.000428915023804
0.000243186950684
0.000988006591797
