0.00129199028015
0.00568795204163
0.00343012809753
0.00367712974548
0.00575995445251
0.00356793403625
0.0036518573761
0.00252318382263
0.004065990448
0.00335192680359
0.00441598892212
0.00316190719604
0.00426292419434
0.00558304786682
0.00309014320374
0.00550580024719
0.00364899635315
0.00525498390198
0.00288987159729
0.00533294677734
0.00323510169983
0.00620985031128
0.00520014762878
0.0055730342865
0.00552487373352
0.00409293174744
0.00539898872375
0.00533509254456
0.00399899482727
0.00406408309937
0.00494599342346
0.00405097007751
0.00535011291504
0.00593996047974
0.0053858757019
0.00571990013123
0.00524806976318
0.00534987449646
0.00622510910034
0.0081639289856
0.00744605064392
0.00727200508118
0.00629806518555
0.00559496879578
0.00874090194702
0.00638914108276
0.0126321315765
0.00716781616211
0.0100169181824
0.00944399833679
0.00933694839478
0.0105261802673
0.0118668079376
0.0128390789032
0.0122740268707
0.00951600074768
0.0150020122528
0.0104730129242
0.0100572109222
0.0127379894257
0.0133979320526
0.00941300392151
0.0102469921112
0.0117001533508
0.0174221992493
0.0165739059448
0.0155079364777
0.0205221176147
0.0116658210754
0.0152599811554
0.0117628574371
0.0119059085846
0.0119619369507
0.0170159339905
0.0136671066284
0.0128529071808
0.017422914505
0.0147240161896
0.0162761211395
0.0134570598602
0.0123510360718
0.01495885849
0.0168259143829
0.0173308849335
0.0153920650482
0.0165951251984
0.0172190666199
0.0182549953461
0.0146298408508
0.0159568786621
0.0191099643707
0.0156769752502
0.0188088417053
0.0179970264435
0.0188970565796
0.0166518688202
0.0189030170441
0.018238067627
0.0222499370575
0.0200669765472
0.0177109241486
0.0190379619598
0.0208678245544
0.0206990242004
0.020534992218
0.0239081382751
0.0224239826202
0.0251598358154
0.0231540203094
0.0258409976959
0.0240960121155
0.0242760181427
0.0236949920654
0.0287899971008
0.0274219512939
0.0286259651184
0.0273640155792
0.0268201828003
0.0320651531219
0.0317459106445
0.0354430675507
0.0358328819275
0.0339169502258
0.037743806839
0.0395698547363
0.0405061244965
0.0395200252533
0.0491280555725
0.0464570522308
0.0381939411163
0.036406993866
0.0437519550323
0.0413370132446
0.0476448535919
0.0436239242554
0.0375828742981
0.047217130661
0.0450410842896
0.0505077838898
0.0498189926147
0.0456070899963
0.0483648777008
0.0446271896362
0.039803981781
0.0359427928925
0.0450508594513
0.0351178646088
0.0368390083313
0.0584771633148
0.0494239330292
0.0599889755249
0.0536539554596
0.0466949939728
0.0442309379578
0.0452449321747
0.0524959564209
0.0682361125946
0.0639441013336
0.0661509037018
0.0430538654327
0.0467929840088
0.04856300354
0.0686340332031
0.0614459514618
0.061891078949
0.0514059066772
0.0699489116669
0.0509819984436
0.0562920570374
0.0536279678345
0.065171957016
0.106549978256
0.0558490753174
0.0534830093384
0.0737149715424
0.0553181171417
0.0585539340973
0.0534710884094
0.0520839691162
0.058424949646
0.0707550048828
0.053790807724
0.0711522102356
0.0674140453339
0.0586941242218
0.0652549266815
0.0806419849396
0.0664870738983
0.0643649101257
0.0717878341675
0.0751550197601
0.061380147934
0.0692210197449
0.0712988376617
0.0707890987396
0.0642919540405
0.0697870254517
0.0643339157104
0.0673730373383
0.0681619644165
