0 1
2 3
4 7
5 15
6 31
8 63
9 64
10 32
11 65
12 66
13 16
14 33
17 67
18 68
19 34
20 69
21 70
22 35
23 71
24 72
25 36
26 73
27 74
28 37
29 75
30 76
38 39
40 77
41 78
42 79
43 80
44 81
45 82
46 83
47 84
48 85
49 86
50 87
51 88
52 89
53 90
54 91
55 92
56 93
57 94
58 95
59 96
60 97
61 98
62 99
100 101
102 103
104 386
105 385
106 384
107 383
108 382
109 381
110 380
111 379
112 378
113 377
114 376
115 375
116 374
117 373
118 372
119 371
120 370
121 369
122 368
123 367
124 366
125 365
126 364
127 363
128 362
129 361
130 360
131 359
132 358
133 357
134 356
135 355
136 354
137 353
138 352
139 351
140 350
141 349
142 348
143 347
144 346
145 345
146 344
147 343
148 342
149 341
150 340
151 339
152 338
153 337
154 336
155 335
156 334
157 333
158 332
159 331
160 330
161 329
162 328
163 327
164 326
165 325
166 324
167 323
168 322
169 321
170 320
171 319
172 318
173 317
174 316
175 315
176 314
177 313
178 312
179 311
180 310
181 309
182 308
183 307
184 306
185 305
186 304
187 303
188 302
189 301
190 300
191 299
192 298
193 297
194 296
195 295
196 294
197 293
198 292
199 291
200 290
201 289
202 288
203 287
204 286
205 285
206 284
207 283
208 282
209 281
210 280
211 279
212 278
213 277
214 276
215 275
216 274
217 273
218 272
219 271
220 270
221 269
222 268
223 267
224 266
225 265
226 264
227 263
228 262
229 261
230 260
231 259
232 258
233 257
234 256
235 255
236 254
237 253
238 252
239 251
240 250
241 249
242 248
243 247
244 246
245 387
388 411
389 415
390 416
391 418
392 419
393 422
394 423
395 425
396 426
397 432
398 433
399 435
400 436
401 439
402 440
403 442
404 443
405 447
406 448
407 450
408 451
409 454
410 455
412 457
413 458
414 463
417 464
420 466
421 467
424 470
427 471
428 473
429 474
430 478
431 479
434 481
437 482
438 485
441 486
444 488
445 489
446 449
452 453
456 459
460 462
461 465
468 469
472 475
476 477
480 483
484 487
